function plot_iter
%PLOT_ITER Plots the ITER device cross section with coils, cryo, vessel.
%   This fuction plots a cross section of the ITER device with coils,
%   vessel walls, first wall, and RMP coils.
% Maintained by: Samuel Lazerson (lazerson@pppl.gov)
% Version:       1.00

% Defaults
rtf1 = [2.9428376046E+00     2.9428376046E+00     2.8867393593E+00     3.0572349982E+00     3.6032876981E+00...
    4.4215507122E+00     5.3475701620E+00     6.3316847779E+00     7.2431024132E+00     8.0735532943E+00...
    8.8020764168E+00     9.4981706117E+00     1.0010267503E+01     1.0321214153E+01     1.0428400000E+01...
    1.0360750887E+01     1.0159102480E+01     9.8266599180E+00     9.3695228163E+00     8.5916344670E+00...
    7.6392794606E+00     6.5507349158E+00     5.3474495018E+00     4.3454905742E+00     3.5046471402E+00...
                                                      2.9854512915E+00     2.8867393593E+00 2.9428376046E+00];
ztf1 = [-1.7115284025E+00     1.7115284025E+00     3.4839791563E+00     4.6778678926E+00     5.4267854228E+00...
    5.8683358097E+00     6.0068903227E+00     5.8431371695E+00     5.4301588999E+00     4.8758939896E+00...
    4.1972791404E+00     3.2761696851E+00     2.2453192802E+00     1.1410561783E+00     0.0000000000E+00...
   -9.1938716865E-01    -1.8194835047E+00    -2.6819883225E+00    -3.4881686527E+00    -4.4335762929E+00...
   -5.2111349975E+00    -5.7879230430E+00    -6.0330772446E+00    -5.8528570060E+00    -5.3346220450E+00...
                                                                      -4.4884994557E+00    -3.4839791563E+00 -1.7115284025E+00];
rtf2 = [2.4681623954E+00     2.4681623954E+00     2.5242606407E+00     2.7675650018E+00     3.3835123019E+00...
    4.2802492878E+00     5.2888298380E+00     6.3625152221E+00     7.3644975868E+00     8.2864467057E+00...
    9.1041235832E+00     9.8952293883E+00     1.0484932497E+01     1.0847185847E+01     1.0972400000E+01...
    1.0893049113E+01     1.0657497520E+01     1.0272140082E+01     9.7474771837E+00     8.8661655330E+00...
    7.8025205394E+00     6.6022650842E+00     5.2889504982E+00     4.1975094258E+00     3.2741528598E+00...
                                                                       2.6821487085E+00     2.5242606407E+00 2.4681623954E+00];
ztf2 = [-1.9772715975E+00     1.9772715975E+00     3.8896208437E+00     5.1383321074E+00     5.9244145772E+00...
    6.3936641903E+00     6.5477096773E+00     6.3862628305E+00     5.9604411001E+00     5.3765060104E+00...
    4.6497208596E+00     3.6480303149E+00     2.5110807198E+00     1.2799438217E+00     0.0000000000E+00...
   -1.0316128314E+00    -2.0375164953E+00    -2.9942116775E+00    -3.8794313473E+00    -4.9032237071E+00...
   -5.7300650025E+00    -6.3294769570E+00    -6.5739227554E+00    -6.3763429940E+00    -5.8273779550E+00...
                                                                      -4.9401005443E+00    -3.8896208437E+00 -1.9772715975E+00];
rcspf = [1.6960000000E+00     1.6960000000E+00     1.6960000000E+00     1.6960000000E+00     1.6960000000E+00...
    1.6960000000E+00     3.9431000000E+00     8.2851000000E+00     1.1991900000E+01     1.1963000000E+01...
                                                                    8.3908000000E+00     4.3340000000E+00];
zcspf = [5.4350000000E+00     3.2650000000E+00     1.0950000000E+00    -1.0750000000E+00    -3.2450000000E+00...
   -5.4150000000E+00     7.5741000000E+00     6.5398000000E+00     3.2752000000E+00    -2.2336000000E+00...
                                                                      -6.7269000000E+00    -7.4665000000E+00];
drcspf = [3.6700000000E-01     3.6700000000E-01     3.6700000000E-01     3.6700000000E-01     3.6700000000E-01...
    3.6700000000E-01     4.7950000000E-01     2.9005000000E-01     3.4815000000E-01     3.1910000000E-01...
                                                                    4.0625000000E-01     7.7950000000E-01]; 
dzcspf = [1.0600000000E+00     1.0600000000E+00     1.0600000000E+00     1.0600000000E+00     1.0600000000E+00...
    1.0600000000E+00     4.9205000000E-01     3.5730000000E-01     4.7690000000E-01     4.7690000000E-01...
                                                                    4.7690000000E-01     5.5375000000E-01];
ELMUX=[ 7.87286  7.75846  7.63892  7.54573  7.73298  7.54573  7.63892  7.75946  7.87286  8.05846  8.26018  8.05846];
ELMUY=[ 2.02873  1.99951  1.96845  1.68142  0.00000 -1.69142 -1.96845 -1.99951 -2.02873 -1.81432  0.00000  1.81432];
ELMUZ=[ 2.84088  3.01594  3.18582  3.37850  3.37850  3.37850  3.18582  3.01594  2.84088  2.62500  2.62500  2.62500];
ELMMX=[ 8.70609  8.72846  8.74360  8.76867  8.72923  8.70145  8.66249  8.60566  8.61968  8.46471  8.48550  8.52367  8.55088  8.58951  8.56495  8.55012  8.52821  8.50629  8.66232  8.64810];
ELMMY=[ 1.01503  1.01764  1.01940  1.02233  1.01773  1.01449  1.00994  0.70434 -0.50456 -1.70356 -2.01370 -2.02277 -2.02922 -2.03839 -2.03256 -2.02904 -2.02384 -1.71345 -0.50705  0.70932];
ELMMZ=[-0.27085 -0.15376 -0.03551  0.55765  1.15002  1.33137  1.51061  1.79650  1.79650  1.79650  1.51061  1.33137  1.15002  0.55765 -0.03551 -0.15376 -0.27085 -0.55650 -0.55650 -0.55650];
ELMLX=[ 7.66505  7.75572  7.84639  8.00927  8.22786  8.00927  7.84639  7.75572  7.66505  7.62534  7.83211  7.62534];
ELMLY=[ 2.05384  2.07814  2.10244  1.88397  0.00000 -1.88397 -2.10244 -2.07814 -2.05384 -1.78780  0.00000  1.78780];
ELMLZ=[-2.18415 -1.97897 -1.77379 -1.54500 -1.54500 -1.54500 -1.77379 -1.97897 -2.18415 -2.41000 -2.41000 -2.41000];
